2.34500000e+00 3.23512000e+00 4.46311500e+00 6.15723400e+00 8.49441200e+00 1.17187400e+01 1.61669660e+01 2.23036600e+01 3.07697350e+01 4.24493820e+01 5.85624160e+01 8.07916720e+01 1.11458761e+02 1.53766534e+02 2.12133589e+02 2.92655744e+02 4.03742685e+02 5.56996262e+02 7.68422184e+02 1.06010164e+03 
1.46249746e+03 2.01763562e+03 2.78349438e+03 3.84005958e+03 5.29767823e+03 7.30858312e+03 1.00827919e+04 1.39100413e+04 1.91900467e+04 2.34500000e+00 3.23512000e+00 4.46311500e+00 6.15723400e+00 8.49441200e+00 1.17187400e+01 1.61669660e+01 2.23036600e+01 3.07697350e+01 4.24493820e+01 5.85624160e+01 
8.07916720e+01 1.11458761e+02 1.53766534e+02 2.12133589e+02 2.92655744e+02 4.03742685e+02 5.56996262e+02 7.68422184e+02 1.06010164e+03 1.46249746e+03 2.01763562e+03 2.78349438e+03 3.84005958e+03 5.29767823e+03 7.30858312e+03 1.00827919e+04 1.39100413e+04 1.91900467e+04 2.34500000e+00 3.23512000e+00 
4.46311500e+00 6.15723400e+00 8.49441200e+00 1.17187400e+01 1.61669660e+01 2.23036600e+01 3.07697350e+01 4.24493820e+01 5.85624160e+01 8.07916720e+01 1.11458761e+02 1.53766534e+02 2.12133589e+02 2.92655744e+02 4.03742685e+02 5.56996262e+02 7.68422184e+02 1.06010164e+03 1.46249746e+03 2.01763562e+03 
2.78349438e+03 3.84005958e+03 5.29767823e+03 7.30858312e+03 1.00827919e+04 1.39100413e+04 1.91900467e+04 2.34500000e+00 3.23512000e+00 4.46311500e+00 6.15723400e+00 8.49441200e+00 1.17187400e+01 1.61669660e+01 2.23036600e+01 3.07697350e+01 4.24493820e+01 5.85624160e+01 8.07916720e+01 1.11458761e+02 
1.53766534e+02 2.12133589e+02 2.92655744e+02 4.03742685e+02 5.56996262e+02 7.68422184e+02 1.06010164e+03 1.46249746e+03 2.01763562e+03 2.78349438e+03 3.84005958e+03 5.29767823e+03 7.30858312e+03 1.00827919e+04 1.39100413e+04 1.91900467e+04 2.34500000e+00 3.23512000e+00 4.46311500e+00 6.15723400e+00 
8.49441200e+00 1.17187400e+01 1.61669660e+01 2.23036600e+01 3.07697350e+01 4.24493820e+01 5.85624160e+01 8.07916720e+01 1.11458761e+02 1.53766534e+02 2.12133589e+02 2.92655744e+02 4.03742685e+02 5.56996262e+02 7.68422184e+02 1.06010164e+03 1.46249746e+03 2.01763562e+03 2.78349438e+03 3.84005958e+03 
5.29767823e+03 7.30858312e+03 1.00827919e+04 1.39100413e+04 1.91900467e+04 2.34500000e+00 3.23512000e+00 4.46311500e+00 6.15723400e+00 8.49441200e+00 1.17187400e+01 1.61669660e+01 2.23036600e+01 3.07697350e+01 4.24493820e+01 5.85624160e+01 8.07916720e+01 1.11458761e+02 1.53766534e+02 2.12133589e+02 
2.92655744e+02 4.03742685e+02 5.56996262e+02 7.68422184e+02 1.06010164e+03 1.46249746e+03 2.01763562e+03 2.78349438e+03 3.84005958e+03 5.29767823e+03 7.30858312e+03 1.00827919e+04 1.39100413e+04 1.91900467e+04 2.34500000e+00 3.23512000e+00 4.46311500e+00 6.15723400e+00 8.49441200e+00 1.17187400e+01 
1.61669660e+01 2.23036600e+01 3.07697350e+01 4.24493820e+01 5.85624160e+01 8.07916720e+01 1.11458761e+02 1.53766534e+02 2.12133589e+02 2.92655744e+02 4.03742685e+02 5.56996262e+02 7.68422184e+02 1.06010164e+03 1.46249746e+03 2.01763562e+03 2.78349438e+03 3.84005958e+03 5.29767823e+03 7.30858312e+03 
1.00827919e+04 1.39100413e+04 1.91900467e+04 2.34500000e+00 3.23512000e+00 4.46311500e+00 6.15723400e+00 8.49441200e+00 1.17187400e+01 1.61669660e+01 2.23036600e+01 3.07697350e+01 4.24493820e+01 5.85624160e+01 8.07916720e+01 1.11458761e+02 1.53766534e+02 2.12133589e+02 2.92655744e+02 4.03742685e+02 
5.56996262e+02 7.68422184e+02 1.06010164e+03 1.46249746e+03 2.01763562e+03 2.78349438e+03 3.84005958e+03 5.29767823e+03 7.30858312e+03 1.00827919e+04 1.39100413e+04 1.91900467e+04 2.34500000e+00 3.23512000e+00 4.46311500e+00 6.15723400e+00 8.49441200e+00 1.17187400e+01 1.61669660e+01 2.23036600e+01 
3.07697350e+01 4.24493820e+01 5.85624160e+01 8.07916720e+01 1.11458761e+02 1.53766534e+02 2.12133589e+02 2.92655744e+02 4.03742685e+02 5.56996262e+02 7.68422184e+02 1.06010164e+03 1.46249746e+03 2.01763562e+03 2.78349438e+03 3.84005958e+03 5.29767823e+03 7.30858312e+03 1.00827919e+04 1.39100413e+04 
1.91900467e+04 2.34500000e+00 3.23512000e+00 4.46311500e+00 6.15723400e+00 8.49441200e+00 1.17187400e+01 1.61669660e+01 2.23036600e+01 3.07697350e+01 4.24493820e+01 5.85624160e+01 8.07916720e+01 1.11458761e+02 1.53766534e+02 2.12133589e+02 2.92655744e+02 4.03742685e+02 5.56996262e+02 7.68422184e+02 
1.06010164e+03 1.46249746e+03 2.01763562e+03 2.78349438e+03 3.84005958e+03 5.29767823e+03 7.30858312e+03 1.00827919e+04 1.39100413e+04 1.91900467e+04 2.34500000e+00 3.23512000e+00 4.46311500e+00 6.15723400e+00 8.49441200e+00 1.17187400e+01 1.61669660e+01 2.23036600e+01 3.07697350e+01 4.24493820e+01 
5.85624160e+01 8.07916720e+01 1.11458761e+02 1.53766534e+02 2.12133589e+02 2.92655744e+02 4.03742685e+02 5.56996262e+02 7.68422184e+02 1.06010164e+03 1.46249746e+03 2.01763562e+03 2.78349438e+03 3.84005958e+03 5.29767823e+03 7.30858312e+03 1.00827919e+04 1.39100413e+04 1.91900467e+04 2.34500000e+00 
3.23512000e+00 4.46311500e+00 6.15723400e+00 8.49441200e+00 1.17187400e+01 1.61669660e+01 2.23036600e+01 3.07697350e+01 4.24493820e+01 5.85624160e+01 8.07916720e+01 1.11458761e+02 1.53766534e+02 2.12133589e+02 2.92655744e+02 4.03742685e+02 5.56996262e+02 7.68422184e+02 1.06010164e+03 1.46249746e+03 
2.01763562e+03 2.78349438e+03 3.84005958e+03 5.29767823e+03 7.30858312e+03 1.00827919e+04 1.39100413e+04 1.91900467e+04 2.34500000e+00 3.23512000e+00 4.46311500e+00 6.15723400e+00 8.49441200e+00 1.17187400e+01 1.61669660e+01 2.23036600e+01 3.07697350e+01 4.24493820e+01 5.85624160e+01 8.07916720e+01 
1.11458761e+02 1.53766534e+02 2.12133589e+02 2.92655744e+02 4.03742685e+02 5.56996262e+02 7.68422184e+02 1.06010164e+03 1.46249746e+03 2.01763562e+03 2.78349438e+03 3.84005958e+03 5.29767823e+03 7.30858312e+03 1.00827919e+04 1.39100413e+04 1.91900467e+04 2.34500000e+00 3.23512000e+00 4.46311500e+00 
6.15723400e+00 8.49441200e+00 1.17187400e+01 1.61669660e+01 2.23036600e+01 3.07697350e+01 4.24493820e+01 5.85624160e+01 8.07916720e+01 1.11458761e+02 1.53766534e+02 2.12133589e+02 2.92655744e+02 4.03742685e+02 5.56996262e+02 7.68422184e+02 1.06010164e+03 1.46249746e+03 2.01763562e+03 2.78349438e+03 
3.84005958e+03 5.29767823e+03 7.30858312e+03 1.00827919e+04 1.39100413e+04 1.91900467e+04 2.34500000e+00 3.23512000e+00 4.46311500e+00 6.15723400e+00 8.49441200e+00 1.17187400e+01 1.61669660e+01 2.23036600e+01 3.07697350e+01 4.24493820e+01 5.85624160e+01 8.07916720e+01 1.11458761e+02 1.53766534e+02 
2.12133589e+02 2.92655744e+02 4.03742685e+02 5.56996262e+02 7.68422184e+02 1.06010164e+03 1.46249746e+03 2.01763562e+03 2.78349438e+03 3.84005958e+03 5.29767823e+03 7.30858312e+03 1.00827919e+04 1.39100413e+04 1.91900467e+04 2.34500000e+00 3.23512000e+00 4.46311500e+00 6.15723400e+00 8.49441200e+00 
1.17187400e+01 1.61669660e+01 2.23036600e+01 3.07697350e+01 4.24493820e+01 5.85624160e+01 8.07916720e+01 1.11458761e+02 1.53766534e+02 2.12133589e+02 2.92655744e+02 4.03742685e+02 5.56996262e+02 7.68422184e+02 1.06010164e+03 1.46249746e+03 2.01763562e+03 2.78349438e+03 3.84005958e+03 5.29767823e+03 
7.30858312e+03 1.00827919e+04 1.39100413e+04 1.91900467e+04 2.34500000e+00 3.23512000e+00 4.46311500e+00 6.15723400e+00 8.49441200e+00 1.17187400e+01 1.61669660e+01 2.23036600e+01 3.07697350e+01 4.24493820e+01 5.85624160e+01 8.07916720e+01 1.11458761e+02 1.53766534e+02 2.12133589e+02 2.92655744e+02 
4.03742685e+02 5.56996262e+02 7.68422184e+02 1.06010164e+03 1.46249746e+03 2.01763562e+03 2.78349438e+03 3.84005958e+03 5.29767823e+03 7.30858312e+03 1.00827919e+04 1.39100413e+04 1.91900467e+04 2.34500000e+00 3.23512000e+00 4.46311500e+00 6.15723400e+00 8.49441200e+00 1.17187400e+01 1.61669660e+01 
2.23036600e+01 3.07697350e+01 4.24493820e+01 5.85624160e+01 8.07916720e+01 1.11458761e+02 1.53766534e+02 2.12133589e+02 2.92655744e+02 4.03742685e+02 5.56996262e+02 7.68422184e+02 1.06010164e+03 1.46249746e+03 2.01763562e+03 2.78349438e+03 3.84005958e+03 5.29767823e+03 7.30858312e+03 1.00827919e+04 
1.39100413e+04 1.91900467e+04 2.34500000e+00 3.23512000e+00 4.46311500e+00 6.15723400e+00 8.49441200e+00 1.17187400e+01 1.61669660e+01 2.23036600e+01 3.07697350e+01 4.24493820e+01 5.85624160e+01 8.07916720e+01 1.11458761e+02 1.53766534e+02 2.12133589e+02 2.92655744e+02 4.03742685e+02 5.56996262e+02 
7.68422184e+02 1.06010164e+03 1.46249746e+03 2.01763562e+03 2.78349438e+03 3.84005958e+03 5.29767823e+03 7.30858312e+03 1.00827919e+04 1.39100413e+04 1.91900467e+04 1.91900467e+04 
